0 318.052001953125
1 318.052001953125
2 318.052001953125
3 318.052001953125
4 317.33599853515625
5 317.33599853515625
6 317.33599853515625
7 317.33599853515625
8 317.33599853515625
9 317.33599853515625
10 317.33599853515625
11 317.33599853515625
12 317.33599853515625
13 317.33599853515625
14 317.33599853515625
15 317.33599853515625
16 317.33599853515625
17 317.33599853515625
18 317.33599853515625
19 317.33599853515625
20 317.33599853515625
21 317.33599853515625
22 317.33599853515625
23 317.33599853515625
24 298.2510070800781
25 298.2510070800781
26 298.2510070800781
27 298.2510070800781
28 298.2510070800781
29 298.2510070800781
30 298.2510070800781
31 298.2510070800781
32 298.2510070800781
33 298.2510070800781
34 298.2510070800781
35 298.2510070800781
36 298.2510070800781
37 298.2510070800781
38 298.2510070800781
39 298.2510070800781
40 298.2510070800781
41 298.2510070800781
42 298.2510070800781
43 298.2510070800781
44 298.2510070800781
45 298.2510070800781
46 298.2510070800781
47 298.2510070800781
48 298.2510070800781
49 298.2510070800781
50 298.2510070800781
51 298.2510070800781
52 298.2510070800781
53 298.2510070800781
54 298.2510070800781
55 298.2510070800781
56 298.2510070800781
57 298.2510070800781
58 298.2510070800781
59 298.2510070800781
60 298.2510070800781
61 276.6990051269531
62 276.6990051269531
63 276.6990051269531
64 276.6990051269531
65 276.6990051269531
66 276.6990051269531
67 276.6990051269531
68 276.6990051269531
69 276.6990051269531
70 276.6990051269531
71 276.6990051269531
72 276.6990051269531
73 276.6990051269531
74 276.6990051269531
75 276.6990051269531
76 276.6990051269531
77 276.6990051269531
78 276.6990051269531
79 276.6990051269531
80 276.6990051269531
81 276.6990051269531
82 276.6990051269531
83 276.6990051269531
84 265.90899658203125
85 265.90899658203125
86 265.90899658203125
87 265.90899658203125
88 265.90899658203125
89 265.90899658203125
90 265.90899658203125
91 265.90899658203125
92 265.90899658203125
93 265.90899658203125
94 265.90899658203125
95 265.90899658203125
96 265.90899658203125
97 265.90899658203125
98 265.90899658203125
99 265.90899658203125
100 265.90899658203125
101 265.90899658203125
102 265.90899658203125
103 265.90899658203125
104 265.90899658203125
105 265.90899658203125
106 265.90899658203125
107 265.90899658203125
108 265.90899658203125
109 265.90899658203125
110 265.90899658203125
111 265.90899658203125
112 265.90899658203125
113 265.90899658203125
114 265.90899658203125
115 265.90899658203125
116 265.90899658203125
117 265.90899658203125
118 265.90899658203125
119 265.90899658203125
120 265.90899658203125
121 265.90899658203125
122 265.90899658203125
123 265.90899658203125
124 265.90899658203125
125 265.90899658203125
126 265.90899658203125
127 265.90899658203125
128 265.90899658203125
129 265.90899658203125
130 265.90899658203125
131 265.90899658203125
132 265.90899658203125
133 265.90899658203125
134 265.90899658203125
135 265.90899658203125
136 265.90899658203125
137 265.90899658203125
138 265.90899658203125
139 265.90899658203125
140 265.90899658203125
141 265.90899658203125
142 265.90899658203125
143 265.90899658203125
144 265.90899658203125
145 265.90899658203125
146 265.90899658203125
147 265.90899658203125
148 265.90899658203125
149 265.90899658203125
150 265.90899658203125
151 265.90899658203125
152 265.90899658203125
153 265.90899658203125
154 265.90899658203125
155 265.90899658203125
156 265.90899658203125
157 265.90899658203125
158 265.90899658203125
159 265.90899658203125
160 265.90899658203125
161 265.90899658203125
162 265.90899658203125
163 265.90899658203125
164 265.90899658203125
165 265.90899658203125
166 265.90899658203125
167 265.90899658203125
168 265.90899658203125
169 265.90899658203125
170 265.90899658203125
171 265.90899658203125
172 265.90899658203125
173 265.90899658203125
174 265.90899658203125
175 265.90899658203125
176 265.90899658203125
177 265.90899658203125
178 265.90899658203125
179 265.90899658203125
180 265.90899658203125
181 265.90899658203125
182 265.90899658203125
183 265.90899658203125
184 265.90899658203125
185 265.90899658203125
186 265.90899658203125
187 265.90899658203125
188 265.90899658203125
189 265.90899658203125
190 265.90899658203125
191 265.90899658203125
192 265.90899658203125
193 265.90899658203125
194 265.90899658203125
195 265.90899658203125
196 265.90899658203125
197 265.90899658203125
198 265.90899658203125
199 265.90899658203125
