0 666.9099731445312
1 521.0160522460938
2 319.4590148925781
3 319.4590148925781
4 319.4590148925781
5 312.7559814453125
6 312.7559814453125
7 312.7559814453125
8 312.7559814453125
9 312.7559814453125
10 310.6449890136719
11 310.6449890136719
12 310.6449890136719
13 304.4639892578125
14 301.28802490234375
15 301.28802490234375
16 301.28802490234375
17 295.9440002441406
18 295.9440002441406
19 295.9440002441406
20 295.9440002441406
21 295.9440002441406
22 295.9440002441406
23 295.9440002441406
24 292.23199462890625
25 292.23199462890625
26 292.23199462890625
27 292.23199462890625
28 292.23199462890625
29 292.23199462890625
30 292.23199462890625
31 292.23199462890625
32 292.23199462890625
33 292.23199462890625
34 292.23199462890625
35 292.23199462890625
36 292.23199462890625
37 292.23199462890625
38 292.23199462890625
39 292.23199462890625
40 292.23199462890625
41 292.23199462890625
42 292.23199462890625
43 292.23199462890625
44 292.23199462890625
45 292.23199462890625
46 292.23199462890625
47 292.23199462890625
48 292.23199462890625
49 292.23199462890625
50 283.7250061035156
51 283.7250061035156
52 283.7250061035156
53 283.7250061035156
54 283.7250061035156
55 283.7250061035156
56 283.7250061035156
57 283.7250061035156
58 283.7250061035156
59 283.7250061035156
60 283.7250061035156
61 283.7250061035156
62 283.7250061035156
63 283.7250061035156
64 283.7250061035156
65 283.7250061035156
66 283.7250061035156
67 283.7250061035156
68 283.7250061035156
69 283.7250061035156
70 283.7250061035156
71 283.7250061035156
72 283.7250061035156
73 283.7250061035156
74 283.7250061035156
75 283.7250061035156
76 283.7250061035156
77 283.7250061035156
78 283.7250061035156
79 283.7250061035156
80 283.7250061035156
81 283.7250061035156
82 283.7250061035156
83 283.7250061035156
84 283.7250061035156
85 283.7250061035156
86 283.7250061035156
87 283.7250061035156
88 283.7250061035156
89 283.7250061035156
90 283.7250061035156
91 283.7250061035156
92 283.7250061035156
93 283.7250061035156
94 283.7250061035156
95 283.7250061035156
96 283.7250061035156
97 283.7250061035156
98 283.7250061035156
99 283.7250061035156
100 283.7250061035156
101 283.7250061035156
102 283.7250061035156
103 283.7250061035156
104 283.7250061035156
105 283.7250061035156
106 283.7250061035156
107 283.7250061035156
108 283.7250061035156
109 283.7250061035156
110 283.7250061035156
111 283.7250061035156
112 283.7250061035156
113 283.7250061035156
114 283.7250061035156
115 283.7250061035156
116 283.7250061035156
117 283.7250061035156
118 283.7250061035156
119 283.7250061035156
120 283.7250061035156
121 283.7250061035156
122 283.7250061035156
123 283.7250061035156
124 283.7250061035156
125 283.7250061035156
126 283.7250061035156
127 283.7250061035156
128 283.7250061035156
129 283.7250061035156
130 283.7250061035156
131 277.4490051269531
132 277.4490051269531
133 277.4490051269531
134 276.8609924316406
135 276.8609924316406
136 276.8609924316406
137 276.8609924316406
138 276.8609924316406
139 276.8609924316406
140 271.80999755859375
141 271.80999755859375
142 271.80999755859375
143 271.80999755859375
144 268.8609924316406
145 268.8609924316406
146 268.8609924316406
147 268.8609924316406
148 268.8609924316406
149 268.8609924316406
150 268.8609924316406
151 268.8609924316406
152 268.8609924316406
153 268.8609924316406
154 268.8609924316406
155 268.8609924316406
156 268.8609924316406
157 268.8609924316406
158 268.8609924316406
159 268.8609924316406
160 268.8609924316406
161 268.8609924316406
162 268.8609924316406
163 268.8609924316406
164 268.8609924316406
165 268.8609924316406
166 268.8609924316406
167 268.8609924316406
168 268.8609924316406
169 268.8609924316406
170 268.8609924316406
171 268.8609924316406
172 268.8609924316406
173 268.8609924316406
174 268.8609924316406
175 268.8609924316406
176 268.8609924316406
177 268.8609924316406
178 268.8609924316406
179 268.8609924316406
180 268.8609924316406
181 268.8609924316406
182 268.8609924316406
183 268.8609924316406
184 268.8609924316406
185 268.8609924316406
186 268.8609924316406
187 268.8609924316406
188 268.8609924316406
189 268.8609924316406
190 268.8609924316406
191 268.8609924316406
192 268.8609924316406
193 267.77996826171875
194 267.77996826171875
195 267.77996826171875
196 267.77996826171875
197 267.77996826171875
198 267.77996826171875
199 267.77996826171875
