0 442.4540100097656
1 396.3110046386719
2 335.9830017089844
3 335.9830017089844
4 335.9830017089844
5 335.9830017089844
6 335.9830017089844
7 335.9830017089844
8 335.9830017089844
9 335.9830017089844
10 335.9830017089844
11 335.9830017089844
12 335.9830017089844
13 335.9830017089844
14 335.9830017089844
15 335.9830017089844
16 335.9830017089844
17 335.9830017089844
18 335.9830017089844
19 335.9830017089844
20 335.9830017089844
21 335.9830017089844
22 335.9830017089844
23 333.67303466796875
24 333.67303466796875
25 330.12701416015625
26 326.59503173828125
27 326.59503173828125
28 326.59503173828125
29 322.0879821777344
30 322.0879821777344
31 322.0879821777344
32 322.0879821777344
33 322.0879821777344
34 319.2339782714844
35 319.2339782714844
36 319.2339782714844
37 319.2339782714844
38 319.2339782714844
39 319.2339782714844
40 319.2339782714844
41 319.2339782714844
42 319.2339782714844
43 319.2339782714844
44 319.2339782714844
45 319.2339782714844
46 319.2339782714844
47 319.2339782714844
48 319.2339782714844
49 319.2339782714844
50 319.2339782714844
51 319.2339782714844
52 319.2339782714844
53 319.2339782714844
54 319.2339782714844
55 319.2339782714844
56 319.2339782714844
57 319.2339782714844
58 319.2339782714844
59 319.2339782714844
60 319.2339782714844
61 319.2339782714844
62 319.2339782714844
63 319.2339782714844
64 319.2339782714844
65 319.2339782714844
66 319.2339782714844
67 319.2339782714844
68 319.2339782714844
69 319.2339782714844
70 319.2339782714844
71 319.2339782714844
72 319.2339782714844
73 319.2339782714844
74 319.2339782714844
75 319.2339782714844
76 319.2339782714844
77 319.2339782714844
78 319.2339782714844
79 319.2339782714844
80 319.2339782714844
81 319.2339782714844
82 317.9169921875
83 317.9169921875
84 317.9169921875
85 317.9169921875
86 317.9169921875
87 317.9169921875
88 317.9169921875
89 317.9169921875
90 317.9169921875
91 317.9169921875
92 317.9169921875
93 317.9169921875
94 317.9169921875
95 317.9169921875
96 317.9169921875
97 317.9169921875
98 317.9169921875
99 317.9169921875
100 317.9169921875
101 317.9169921875
102 317.9169921875
103 317.9169921875
104 317.9169921875
105 317.9169921875
106 317.9169921875
107 317.9169921875
108 317.9169921875
109 317.9169921875
110 317.9169921875
111 317.9169921875
112 317.9169921875
113 317.9169921875
114 317.9169921875
115 317.9169921875
116 317.9169921875
117 317.9169921875
118 317.9169921875
119 317.9169921875
120 317.9169921875
121 317.9169921875
122 317.9169921875
123 317.9169921875
124 317.9169921875
125 317.9169921875
126 317.9169921875
127 317.9169921875
128 317.9169921875
129 317.9169921875
130 317.9169921875
131 317.9169921875
132 317.9169921875
133 317.9169921875
134 317.9169921875
135 317.9169921875
136 317.9169921875
137 317.9169921875
138 317.9169921875
139 317.9169921875
140 317.9169921875
141 317.9169921875
142 317.9169921875
143 317.9169921875
144 317.9169921875
145 317.9169921875
146 317.9169921875
147 317.9169921875
148 317.9169921875
149 317.9169921875
150 317.9169921875
151 317.9169921875
152 315.906982421875
153 315.906982421875
154 315.906982421875
155 315.906982421875
156 315.906982421875
157 315.906982421875
158 315.906982421875
159 315.906982421875
160 315.906982421875
161 315.906982421875
162 315.906982421875
163 315.906982421875
164 315.906982421875
165 315.906982421875
166 315.906982421875
167 314.20794677734375
168 314.20794677734375
169 314.20794677734375
170 314.20794677734375
171 314.20794677734375
172 314.20794677734375
173 314.20794677734375
174 314.20794677734375
175 314.20794677734375
176 314.20794677734375
177 314.20794677734375
178 314.20794677734375
179 314.20794677734375
180 314.20794677734375
181 314.20794677734375
182 314.20794677734375
183 314.20794677734375
184 314.20794677734375
185 314.20794677734375
186 314.20794677734375
187 314.20794677734375
188 314.20794677734375
189 314.20794677734375
190 314.20794677734375
191 314.20794677734375
192 314.20794677734375
193 314.20794677734375
194 314.20794677734375
195 314.20794677734375
196 314.20794677734375
197 314.20794677734375
198 314.20794677734375
199 314.20794677734375
